loaded 106905 points with normals
67 shape(s) detected
CYL 0.0587136 1.14865 0.67845 -15.4645 -0.0190015 0.00943058 -0.999775 1.07377 4431
CYL 0.388705 1.15105 0.697978 -15.3275 0.0312547 -0.0152967 -0.999394 1.32264 3428
CYL 0.519324 1.14291 0.659502 -15.3023 0.00946124 -0.0567764 -0.998342 1.23753 1860
CYL 4.0272 -1.19848 0.763108 -11.6927 -0.443026 0.78985 -0.424104 3.44627 2473
CYL 0.698557 1.14887 0.693477 -15.4509 0.115314 -0.0675718 0.991028 1.28189 2153
CYL 1.08804 1.22661 0.636797 -15.3701 0.136324 -0.0941588 0.986179 1.62477 2460
CYL 0.208519 1.16087 0.689429 -15.3842 0.0229619 0.0516319 -0.998402 1.21869 1388
CYL 6.74868 0.361853 1.7429 -9.03938 0.795999 0.604188 -0.036646 4.62952 1314
CYL 0.941145 1.19804 0.709269 -15.6318 -0.0183302 0.12001 0.992603 0.557058 1097
CYL 0.792814 0.988977 0.61945 -15.419 0.119025 -0.00335452 0.992886 1.18956 858
CYL 1.13118 1.08826 0.79899 -15.3409 -0.0597795 -0.00538625 -0.998197 1.1728 672
CYL 1.15078 1.19294 0.696003 -15.42 0.0952258 0.0651587 -0.993321 1.41748 1095
CYL 1.40092 1.13235 0.528338 -15.0765 -0.0452398 -0.212095 0.976201 2.24072 1047
CYL 0.968606 1.86943 1.24365 -15.6526 0.0266917 -0.999644 0 1.43436 629
CYL 0.831422 0.823727 0.407252 -15.419 -0.832064 0.133202 -0.538448 0.793065 1111
CYL 1.10375 1.123 0.392507 -14.9898 0.0900585 -0.110335 0.989806 1.18116 565
CYL 1.20622 1.09726 0.72527 -16.0298 -0.211284 -0.0239234 -0.977132 0.465645 897
CYL 1.28895 1.87022 -1.44956 -15.5914 -0.720756 -0.657931 -0.218261 3.39086 936
CYL 1.70378 1.15763 0.792512 -15.2825 -0.0620861 0.106611 0.992361 1.14381 781
CYL 0.939944 1.07487 0.609665 -15.3405 -0.226864 -0.05876 0.972152 0.444958 410
CYL 0.556916 1.18211 0.666526 -15.859 -0.122988 0.353579 -0.927284 0.458839 504
CYL 0.775208 1.16367 0.736168 -15.4373 -0.881032 -0.228528 -0.414195 1.82663 731
CYL 1.58392 1.65358 -2.13482 -16.5928 -0.140075 -0.914049 -0.380649 2.76359 572
CYL 1.18887 1.60276 0.455139 -15.4016 -0.222014 -0.310457 0.924298 1.77264 718
CYL 1.9114 -0.414908 0.459564 -14.5805 0.573405 -0.729712 -0.372462 1.34599 488
CYL 1.65965 1.14524 0.489095 -15.3034 0.0153179 -0.185901 0.982449 1.21531 389
CYL 3.36405 1.24477 -1.3991 -17.3517 -0.644163 -0.477839 -0.597264 1.85371 1076
CYL 2.37241 1.25211 0.668597 -15.4315 0.268698 -0.0889433 -0.959109 1.54105 545
CYL 0.160007 2.14897 1.61596 -15.6681 -0.380691 0.538638 0.751627 0.955728 783
CYL 1.94993 0.912676 -0.218587 -13.7147 0.999587 0.0140651 -0.0250454 1.8208 597
CYL 0.780288 2.3234 -0.999631 -15.4634 0.23791 -0.949064 0.206584 2.36795 601
CYL 0.551914 2.16834 0.680239 -15.5224 0.290171 0.92612 -0.241046 1.96914 440
CYL 1.07014 0.803906 0.420474 -15.5821 0.0971701 -0.627474 -0.772551 1.13659 658
CYL 1.57448 1.53511 0.611591 -15.9694 -0.313098 -0.112715 0.943008 0.892617 324
CYL 2.14032 1.17266 0.783434 -15.7062 0.0220692 -0.329109 -0.944034 0.812571 300
CYL 0.930392 1.61776 -1.79561 -15.8257 0.055906 -0.99755 -0.0420502 2.97181 554
CYL 0.602163 0.13742 -0.433256 -15.5897 0.519569 0.821482 -0.234979 0.929383 598
CYL 1.82213 1.99875 -0.946783 -15.7226 -0.787434 -0.526301 0.320865 1.52273 732
CYL 1.16826 1.18338 2.37059 -14.8343 -0.475727 0.879593 0 1.22783 346
CYL 0.879699 0.58554 -1.08877 -15.4386 0.475588 -0.862542 0.172734 0.819067 379
CYL 0.932141 2.61604 0.753125 -16.1947 -0.232117 -0.866712 0.44151 1.81078 381
CYL 1.2765 0.922756 0.0685673 -15.845 0.614627 -0.0712782 0.785591 0.851131 323
CYL 2.618 1.10737 1.12187 -13.3979 -0.84422 -0.529422 0.083695 1.1029 466
CYL 1.42981 2.37193 0.0415384 -13.8553 -0.689167 0.349572 -0.634703 1.25082 357
CYL 5.00324 0.281136 -1.17358 -10.8298 -0.177812 0.98076 0.0805777 0.485963 340
CYL 1.26244 0.953474 -0.129531 -14.2995 -0.437816 0.88614 -0.1519 1.13951 306
CYL 0.538265 0.528766 0.162648 -15.2249 -0.245298 -0.0227357 -0.969181 0.946108 316
CYL 0.511032 1.14628 0.739423 -15.7369 0.118805 -0.0540466 0.991446 0.651843 387
CYL 3.91438 2.90746 -0.021508 -18.6506 0.88981 0.456299 -0.00548888 0.583354 359
CYL 2.71226 2.42195 0.488487 -16.3016 -0.499208 -0.281743 -0.819398 1.52857 412
CYL 2.17469 0.570863 -0.349028 -17.1604 0.684619 -0.397188 0.611178 0.631552 411
CYL 4.34995 4.0376 -2.36396 -17.4334 -0.548621 0.0332052 -0.835411 1.34102 325
CYL 0.607147 1.61024 0.602457 -15.568 0.854209 0.359525 -0.375591 1.82921 346
CYL 1.7404 1.41199 -0.147423 -16.7529 -0.613619 0.789602 0 1.53676 422
